100
0 0
96 97
78 75
14 51
29 29
79 64
98 19
88 20
47 31
55 91
70 89
74 15
70 5
30 13
41 37
10 82
80 16
95 63
13 49
37 64
96 42
4 70
39 97
14 12
34 20
19 76
97 8
49 2
59 20
68 5
8 44
36 48
25 66
54 58
29 20
40 71
26 1
1 54
73 42
14 39
19 14
41 12
74 78
35 46
89 89
52 23
26 20
97 12
31 37
56 91
49 51
57 29
38 29
17 46
68 8
97 87
69 41
67 95
85 61
23 14
45 88
95 48
16 32
80 64
72 91
92 65
1 34
59 44
16 31
99 98
53 62
48 12
28 36
78 64
9 32
57 41
56 74
76 23
24 51
12 3
51 52
88 2
34 24
89 84
26 97
87 10
91 80
16 84
93 36
54 24
41 47
23 56
49 36
71 73
15 67
90 47
80 35
16 50
72 83
100 100
