100
0 0
92 41
69 76
81 16
23 52
38 71
92 82
87 59
87 23
42 89
47 98
89 2
26 54
29 96
85 90
13 90
58 15
25 70
20 7
84 46
35 17
39 69
75 53
60 7
4 76
5 99
29 31
4 90
68 97
13 49
88 58
72 8
22 36
63 32
8 65
18 34
59 75
24 15
71 74
8 27
98 95
59 91
95 35
19 91
32 36
15 44
71 55
98 18
92 27
86 30
56 5
7 1
93 22
32 38
41 58
89 42
97 79
67 75
25 87
52 51
37 38
53 19
38 4
32 57
56 4
27 8
63 85
86 97
82 71
85 93
20 84
39 73
69 5
83 90
33 25
33 88
68 73
47 4
68 54
18 24
36 3
18 64
30 6
94 37
40 99
70 94
88 68
64 71
74 95
34 38
63 76
4 47
79 23
50 89
17 28
51 79
16 85
25 67
72 49
100 100