100
0 0
94 88
26 18
25 83
35 37
32 22
46 5
61 86
10 99
93 51
62 78
12 18
86 22
63 26
17 28
37 15
46 81
88 78
66 22
89 98
41 40
23 52
85 46
73 82
60 89
84 38
88 71
12 86
11 99
17 32
93 76
91 30
5 96
53 67
19 42
7 12
25 69
80 23
39 68
13 77
42 28
69 66
54 85
50 89
15 57
74 86
69 73
38 4
25 79
28 67
35 20
67 67
3 44
60 5
38 60
75 71
17 58
94 86
56 65
60 21
42 91
20 21
5 93
92 25
13 92
88 65
38 50
90 91
56 81
28 26
38 26
8 29
22 21
99 2
86 2
48 13
51 65
39 14
28 24
53 45
47 11
33 38
45 13
24 4
22 31
19 12
20 66
5 88
6 55
76 43
12 81
6 52
92 51
16 30
38 93
39 23
11 52
39 12
92 25
100 100
