100
0 0
25 75
8 39
48 2
66 85
43 69
56 17
65 8
91 77
31 56
25 34
30 44
65 84
30 50
18 30
42 73
9 25
40 76
90 29
94 13
99 62
68 60
42 51
20 23
61 60
88 34
80 15
33 76
9 39
49 9
87 6
66 39
99 80
57 60
8 11
54 6
67 15
12 39
5 37
68 23
48 20
77 18
54 88
61 40
31 5
32 47
17 34
19 41
24 15
84 90
32 3
62 57
80 59
96 95
48 40
73 53
52 49
38 42
84 91
44 99
51 20
38 76
58 56
49 43
21 47
81 82
11 85
53 8
87 5
66 93
66 64
11 23
65 11
93 19
13 12
26 74
73 21
96 76
90 79
20 33
98 24
13 72
54 86
50 73
14 60
55 35
11 36
80 80
46 94
54 53
85 90
66 27
65 24
37 9
71 83
23 46
66 33
80 74
31 40
100 100