100
0 0
94 82
26 72
98 39
61 89
64 66
63 96
18 22
98 16
79 28
18 5
37 66
64 16
37 9
98 27
63 44
29 43
77 50
46 8
64 56
42 10
86 5
17 98
41 69
88 98
72 33
78 5
82 50
59 66
38 91
30 11
73 36
36 51
35 53
88 43
74 3
67 15
51 11
70 74
39 41
79 80
36 88
42 28
25 52
5 62
69 53
23 97
66 51
46 82
29 64
52 97
70 7
58 1
66 54
64 54
9 72
95 98
97 22
67 86
71 13
31 91
78 98
43 52
5 90
8 18
17 33
72 85
14 57
88 22
39 36
8 98
25 72
84 4
99 21
77 75
57 60
53 2
11 5
37 38
32 47
97 86
48 4
89 52
9 58
46 47
84 3
34 20
57 40
4 66
22 86
70 64
19 42
30 86
7 56
29 96
72 77
85 95
13 97
32 71
100 100
